    0.150    0.100    0.050    0.025    0.020    0.015    0.010    0.005
1   1.963   3.078   6.314   12.706   15.895   21.205   31.821   63.657
2   1.386   1.886   2.920   4.303   4.849   5.643   6.965   9.925
3   1.250   1.638   2.353   3.182   3.482   3.896   4.541   5.841
4   1.190   1.533   2.132   2.776   2.999   3.298   3.747   4.604
5   1.156   1.476   2.015   2.571   2.757   3.003   3.365   4.032 
6   1.134   1.440   1.943   2.447   2.612   2.829   3.143   3.707
7   1.119   1.415   1.895   2.365   2.517   2.715   2.998   3.499
8   1.108   1.397   1.860   2.306   2.449   2.634   2.896   3.355
9   1.099   1.383   1.833   2.262   2.398   2.574   2.821   3.250
10   1.093   1.372   1.812   2.228   2.359   2.528   2.764   3.169
11   1.088   1.363   1.796   2.201   2.328   2.491   2.718   3.106
12   1.083   1.356   1.782   2.179   2.303   2.461   2.681   3.055
13   1.079   1.350   1.771   2.160   2.282   2.436   2.650   3.012
14   1.076   1.345   1.761   2.145   2.264   2.415   2.624   2.977
15   1.074   1.341   1.753   2.131   2.249   2.397   2.602   2.947
16   1.071   1.337   1.746   2.120   2.235   2.382   2.583   2.921
17   1.069   1.333   1.740   2.110   2.224   2.368   2.567   2.898
18   1.067   1.330   1.734   2.101   2.214   2.356   2.552   2.878
19   1.066   1.327   1.729   2.093   2.205   2.346   2.539   2.861
20   1.064   1.325   1.725   2.086   2.197   2.336   2.528   2.845
21   1.063   1.323   1.721   2.080   2.189   2.328   2.518   2.831
22   1.061   1.321   1.717   2.074   2.183   2.320   2.508   2.819
23   1.060   1.320   1.714   2.069   2.177   2.313   2.500   2.807
24   1.059   1.318   1.711   2.064   2.172   2.307   2.492   2.797
25   1.058   1.316   1.708   2.060   2.167   2.301   2.485   2.787
26   1.058   1.315   1.706   2.056   2.162   2.296   2.479   2.779
27   1.057   1.314   1.703   2.052   2.158   2.290   2.473   2.771
28   1.056   1.313   1.701   2.048   2.154   2.286   2.467   2.763
29   1.055   1.311   1.699   2.045   2.150   2.282   2.462   2.756
30   1.055   1.310   1.697   2.042   2.147   2.278   2.457   2.750
40   1.050   1.303   1.684   2.021   2.123   2.250   2.423   2.704
50   1.046   1.299   1.676   2.009   2.108   2.234   2.403   2.678
60   1.041   1.296   1.167   2.000   2.099   2.223   2.390   2.660
80   1.036   1.292   1.664   1.990   2.088   2.210   2.374   2.639
100   1.042   1.290   1.660   1.984   2.081   2.202   2.364   2.626    
120   1.042   1.289   1.658   1.980   2.076   2.196   2.358   2.617